33 4
37 8
51 0
53 8
56 9
59 8
67 4
90 6
98 6
108 7
109 0
115 0
120 3
127 1
130 2
133 1
134 2
136 8
138 2
139 1
142 1
143 0
167 5
192 2
226 1
264 5
284 0
285 0
286 1
310 6
311 1
395 0
396 1
398 1
399 0
400 0
401 2
402 1
403 0
404 4
406 8
439 2
526 8
530 2
545 1
557 2
559 5
560 8
572 2
576 1
578 2
579 1
582 2
584 1
591 2
598 8
601 1
604 0
607 2
614 9
618 9
620 0
623 3
624 1
625 0
629 0
630 7
634 3
636 0
641 1
642 1
643 3
644 1
651 1
652 9
654 0
655 1
657 2
658 1
660 2
664 8
666 3
672 2
675 0
676 0
679 2
682 4
683 0
684 1
687 3
690 2
693 0
696 4
698 5
699 0
701 1
706 2
712 2
713 0
717 1
721 0
723 0
726 9
727 0
729 3
730 1
732 6
734 3
738 0
739 0
744 3
749 4
752 0
755 9
756 4
757 4
758 1
763 1
768 0
770 0
772 0
773 0
774 1
775 9
776 4
777 0
787 3
789 2
790 1
791 2
792 1
794 0
795 0
796 3
797 0
811 9
812 0
814 1
815 6
816 0
819 0
820 4
821 2
822 0
823 4
825 0
826 1
827 2
834 4
843 1
844 7
845 0
847 7
853 3
854 8
855 0
856 0
857 0
859 1
865 1
868 1
871 0
872 1
873 0
874 8
878 1
884 2
887 2
889 2
890 0
894 0
895 2
966 6
972 6
975 2
977 2
979 0
980 5
981 4
983 0
985 4
989 1
993 9
1001 0
1002 8
1026 8
1039 3
1040 5
1045 0
1052 0
1062 2
1065 0
1070 2
1071 5
1075 0
1098 5
1102 4
1106 0
1107 3
1108 0
1109 0
1110 0
1115 1
1118 1
1122 0
1133 2
1134 2
1137 0
1138 7
1139 2
1140 0
1141 0
1142 2
1143 0
1145 2
1146 0
1149 4
1155 0
1156 0
1157 0
1158 0
1159 0
1160 6
1164 5
1165 1
1166 0
1174 5
1308 0
1309 0
1311 7
1314 0
1315 3
1316 1
1318 0
1319 0
1360 2
1364 2
1368 0
1369 5
1384 6
1386 1
1400 0
1420 7
1424 0
1430 1
1433 5
1434 2
1436 9
1443 0
1444 8
1448 0
1462 0
1467 0
1470 1
1471 5
1486 7
1510 2
1514 7
1519 6
1522 7
1524 0
1528 2
1532 6
1534 6
1538 6
1543 7
1548 2
1553 4
1555 2
1557 0
1558 2
1559 0
1561 4
1567 9
1568 0
1577 0
1578 0
1579 1
1622 5
1628 0
1630 1
1636 5
1652 4
1659 7
1664 5
1685 6
1697 0
1698 0
1705 0
1706 0
1708 0
1709 1
1710 0
1714 1
1716 0
1718 7
1720 7
1723 0
1724 1
1738 0
1740 0
1741 5
1742 0
1757 0
1764 1
1765 0
1768 0
1773 2
1774 0
1776 0
1780 8
1781 0
1782 8
1787 2
1789 0
1795 2
1796 5
1815 1
1819 0
1820 1
1830 1
1832 1
1842 2
1843 1
1847 0
1849 7
1851 2
1852 1
1861 3
1868 2
1871 4
1877 4
1886 4
1890 7
1891 9
1901 5
1903 6
1905 2
1908 1
1915 1
1930 5
2030 0
2039 1
2061 7
2063 8
2127 4
2129 8
2156 9
2172 4
2192 7
2198 2
2199 0
2200 8
2207 8
2213 1
2214 1
2216 0
2217 1
2218 1
2220 0
2222 0
2223 3
2224 0
2225 0
2226 1
2228 0
2229 0
2230 0
2233 5
2234 8
2235 1
2242 6
2244 7
2251 2
2254 1
2258 2
2270 0
2274 0
2277 1
2299 4
2304 7
2308 1
2309 2
2317 8
2319 0
2332 8
2343 2
2358 4
2438 1
2444 5
2464 8
2480 2
2484 1
2486 9
2487 7
2489 0
2503 9
2508 0
2510 3
2538 5
2543 2
2547 0
2556 1
2557 5
2562 9
2563 1
2564 0
2569 9
2576 3
2578 4
2584 1
2588 0
2591 2
2592 1
2595 0
2601 0
2602 6
2603 0
2604 0
2608 5
2619 1
2623 4
2631 5
2673 7
2679 5
2680 0
2684 0
2685 4
2698 0
2703 1
2705 7
2742 1
2760 7
2765 7
2777 5
2811 2
2814 8
2821 3
2823 4
2825 4
2831 8
2832 0
2833 6
2838 0
2845 1
2850 7
2869 3
2887 4
2895 2
2909 1
2910 0
2911 7
2930 5
2933 9
2934 5
2954 0
2955 4
2957 0
2958 0
2960 4
2980 0
2984 9
2999 4
3001 6
3003 8
3009 0
3023 0
3026 8
3027 7
3056 6
3057 2
3059 0
3065 1
3080 0
3084 2
3085 2
3119 3
3123 3
3126 3
3131 2
3136 3
3140 9
3149 9
3151 1
3154 8
3164 1
3166 6
3170 0
3172 1
3184 5
3187 3
3191 0
3193 0
3195 0
3202 1
3205 4
3207 5
3209 1
3212 2
3216 3
3220 1
3226 0
3227 0
3228 2
3229 1
3231 0
3232 5
3233 2
3234 0
3236 2
3237 1
3242 3
3245 5
3277 1
3278 0
3279 0
3280 1
3288 4
3290 1
3291 1
3292 6
3293 5
3294 2
3295 2
3297 1
3303 6
3305 2
3312 1
3314 4
3315 1
3321 1
3322 4
3323 1
3332 0
3336 2
3337 2
3346 5
3348 0
3352 3
3353 2
3356 0
3369 0
3373 3
3376 1
3377 2
3378 4
3380 3
3381 2
3382 1
3383 0
3407 3
3410 9
3411 0
3413 2
3443 5
3455 0
3458 1
3460 1
3472 4
3482 3
3485 2
3493 2
3517 2
3522 3
3523 8
3530 1
3533 7
3541 0
3542 2
3558 0
3560 0
3561 0
3575 3
3582 0
3583 0
3589 0
3592 8
3595 4
3601 2
3603 3
3607 1
3609 4
3621 3
3630 0
3631 3
3636 9
3641 8
3647 1
3648 9
3650 0
3651 2
3652 5
3656 1
3657 6
3666 6
3687 2
3722 1
3748 2
3750 0
3762 3
3772 3
3778 6
3779 1
3800 3
3803 9
3818 7
3828 2
3829 0
3842 1
3856 0
3866 6
3875 5
3876 4
3881 1
3887 4
3888 2
3890 1
3891 7
3899 3
3904 1
3905 8
3907 0
3944 9
